positive/12-pos-66390.png 12 968 41 45 76 392 36 88 145 1369 39 74 156 861 197 145 95 350 491 63 92 569 731 90 179 478 125 88 167 762 543 172 103 1207 31 79 146 1669 479 106 73 395 591 178 142 1004 763 114 214
positive/11-pos-66931.png 11 1095 1 34 80 1524 142 77 124 932 207 154 87 390 374 67 83 497 702 81 187 642 28 102 136 749 506 145 116 1335 100 101 152 1765 741 64 79 395 477 153 160 922 723 136 211
positive/9-pos-67528.png 9 1349 61 128 126 1604 277 104 107 934 210 163 101 451 290 72 74 380 735 135 197 743 473 119 127 1460 153 140 138 426 385 125 168 825 724 164 164
positive/10-pos-68129.png 10 1511 210 168 117 1405 30 49 76 1602 489 184 129 944 198 144 120 578 191 76 62 294 655 85 171 753 423 83 144 1597 341 183 121 519 262 82 172 684 706 193 133
positive/12-pos-68728.png 12 1587 334 197 105 1538 109 47 81 1501 546 177 170 931 164 124 143 670 152 76 54 241 597 155 181 701 870 217 110 1146 50 90 109 771 394 57 151 1648 512 204 85 595 205 56 168 617 680 198 106
positive/16-pos-69310.png 16 1558 110 149 126 1656 548 220 99 1707 267 49 86 1485 22 124 109 1302 27 110 103 1395 640 168 156 987 121 99 147 812 123 72 45 335 401 163 138 662 830 204 94 1203 161 122 113 775 364 87 149 516 815 194 177 99 225 141 87 688 145 74 161 559 612 181 96
positive/12-pos-69909.png 12 1676 161 135 129 1367 154 138 87 1087 97 89 159 955 114 66 50 492 228 111 154 631 791 179 116 1218 236 151 131 792 344 115 141 467 704 203 124 345 88 109 101 792 117 98 145 544 516 147 109
positive/11-pos-70510.png 11 1433 242 99 115 1247 100 60 157 1088 120 31 82 648 177 155 92 613 780 143 147 1228 268 128 141 814 336 133 128 419 624 192 94 523 7 104 135 919 102 49 157 532 455 176 93
positive/11-pos-71108.png 11 1445 427 144 114 1385 125 83 156 1243 130 42 85 866 154 81 125 528 694 102 171 1263 300 103 176 846 336 154 109 40 200 162 122 409 476 175 147 1063 60 73 161 662 399 163 98
positive/12-pos-71709.png 12 1446 624 215 101 1572 226 133 155 1416 213 71 74 1005 215 129 109 453 550 97 168 1304 347 80 184 893 348 165 90 298 30 141 89 530 355 168 99 1264 71 121 140 744 339 123 114 114 177 66 72
positive/12-pos-72330.png 12 1436 841 269 108 1675 436 191 135 1530 367 92 72 1183 314 69 146 434 426 134 153 1339 399 88 193 941 347 161 125 626 283 149 95 95 873 112 102 1498 144 160 124 811 301 96 130 338 19 67 65
positive/11-pos-72911.png 11 147 643 167 177 1588 594 114 59 1163 463 111 117 485 310 152 131 1365 498 130 175 993 367 144 154 746 216 118 107 128 226 144 144 81 589 113 75 1459 23 112 128 897 281 59 142
positive/12-pos-73510.png 12 5 254 56 84 127 511 143 190 1633 701 100 115 1074 560 156 130 516 264 164 122 1412 522 180 160 1020 378 126 175 808 200 106 117 213 139 149 132 97 448 94 84 1584 121 138 126 932 284 64 146
positive/12-pos-74129.png 12 14 547 106 216 266 67 56 69 247 305 84 182 875 655 201 118 659 185 111 116 1443 684 227 137 1047 413 97 193 49 416 94 184 941 189 80 131 444 27 142 103 296 247 83 64 967 311 109 148
positive/11-pos-74709.png 11 80 356 102 194 348 209 96 109 777 657 206 104 685 201 135 108 1314 766 188 200 1059 445 65 198 189 197 83 169 1457 16 83 123 1042 203 58 138 484 149 75 52 995 340 142 138
positive/11-pos-75328.png 11 331 108 108 150 64 375 73 94 590 112 67 128 685 587 177 161 715 201 166 100 997 494 115 187 1728 266 83 121 1152 264 85 139 731 63 51 57 1043 403 164 108 1533 58 77 66
positive/11-pos-75909.png 11 496 34 116 125 250 200 72 75 675 115 123 105 652 532 151 182 776 191 127 124 758 762 168 211 942 523 147 170 1166 339 185 103 859 68 58 52 1050 448 182 98 1722 187 84 81
positive/12-pos-76630.png 12 148 129 150 124 503 58 73 60 116 368 185 135 856 91 76 117 644 440 96 195 819 217 149 97 589 622 106 219 858 554 186 141 1311 489 212 105 1294 37 142 118 1015 109 69 49 1042 498 181 148
positive/15-pos-77109.png 15 359 6 112 134 689 6 69 52 1561 81 76 52 183 69 132 134 308 232 165 103 1004 117 60 134 668 383 62 191 876 181 127 134 548 538 76 213 806 565 197 112 1087 24 136 88 1394 650 226 148 1396 90 134 133 1143 143 74 49 1025 528 157 180
positive/12-pos-77728.png 12 1142 17 142 88 1789 244 89 64 543 150 139 95 1123 202 64 122 683 328 92 179 939 116 94 157 512 443 104 192 763 552 186 105 1275 79 145 108 1552 165 73 160 1290 204 80 63 988 557 126 202
positive/14-pos-78309.png 14 1358 95 148 100 1138 8 61 52 779 107 121 99 1172 322 100 117 140 238 189 93 728 286 122 155 1081 88 65 159 529 350 134 160 740 502 150 123 1474 188 150 141 1711 316 137 159 1434 318 80 82 177 617 212 121 934 572 82 216
positive/13-pos-78928.png 13 1561 230 150 127 1367 83 67 59 993 132 100 119 1126 453 199 95 368 72 146 111 796 267 147 133 1234 148 72 161 595 275 154 135 695 458 188 129 1632 361 154 178 1529 482 77 98 232 428 167 100 827 577 133 202
positive/12-pos-79529.png 12 1588 223 69 73 1155 171 79 134 1200 562 188 126 254 71 88 50 878 271 164 109 1342 258 126 156 699 230 161 105 666 364 159 149 1547 701 62 88 28 701 207 170 368 248 119 112 768 471 71 208
positive/13-pos-80129.png 13 1408 69 98 144 1683 702 171 232 1787 486 60 106 1600 85 72 117 1305 274 72 146 1137 764 249 116 981 299 163 101 1407 452 186 141 853 205 148 97 712 223 92 166 119 332 129 175 586 113 75 120 767 353 99 179
positive/11-pos-80728.png 11 1630 233 146 163 1368 464 130 137 1086 345 134 127 1349 731 246 103 1033 216 120 116 888 146 59 163 23 404 184 153 78 534 232 144 439 82 127 126 853 34 58 151 874 290 135 159
positive/10-pos-81328.png 10 1602 206 163 163 1430 451 140 158 1296 45 60 143 1099 347 151 138 1424 719 294 134 1039 231 131 125 864 178 117 145 484 92 133 122 856 50 58 147 886 287 149 152
positive/12-pos-81928.png 12 1361 663 228 138 1573 167 111 154 1342 20 45 67 1165 412 117 170 1195 286 107 149 1041 150 77 163 208 174 142 154 144 302 217 112 845 35 141 103 1127 55 147 108 965 318 187 130 121 164 43 78
positive/11-pos-82509.png 11 556 796 271 192 1696 143 44 80 1167 495 85 188 1303 380 73 168 1234 162 72 163 587 62 136 112 415 150 155 117 1201 68 159 89 1452 154 190 102 1038 374 196 116 486 33 45 64
positive/8-pos-83110.png 8 345 617 188 227 1069 567 149 187 1305 494 126 173 1418 219 115 168 927 51 144 96 659 73 113 132 1536 164 186 113 1092 388 147 184
positive/12-pos-83729.png 12 338 394 116 198 97 180 63 76 25 419 252 137 913 632 214 159 303 761 277 151 1207 631 200 162 1630 352 176 160 273 668 121 206 1267 111 114 105 918 51 87 137 270 135 48 75 1138 442 193 174
positive/14-pos-84329.png 14 463 259 80 184 445 51 59 60 402 684 120 285 249 245 188 106 757 642 244 136 239 547 229 138 1022 744 258 138 179 542 161 178 1544 235 116 139 1179 74 62 148 289 61 132 126 598 41 32 64 1193 472 90 229 1426 65 79 48
positive/12-pos-84928.png 12 577 208 176 107 287 521 167 229 505 124 138 124 653 581 218 186 462 433 174 121 811 748 241 214 157 421 189 162 1764 431 109 165 1400 154 88 154 904 9 42 60 1107 483 129 232 1782 212 66 57
positive/14-pos-85529.png 14 121 513 230 193 715 155 172 109 233 189 84 79 1123 11 67 44 106 404 124 150 321 372 193 166 786 66 100 134 602 490 148 215 600 354 119 141 612 684 181 254 282 247 100 188 1586 315 168 162 1227 39 61 58 1018 469 165 193
positive/14-pos-86129.png 14 250 332 200 129 942 94 66 148 630 74 73 55 1493 96 79 50 324 211 91 141 468 257 181 123 1081 67 69 145 626 397 77 212 681 296 149 119 507 555 85 253 566 99 114 147 1303 32 140 93 1568 154 88 57 1026 521 229 155
positive/13-pos-86728.png 13 462 210 152 105 1176 94 70 148 992 66 74 46 561 110 106 125 658 192 160 102 1338 135 69 151 146 596 88 121 655 324 107 193 870 309 113 147 450 430 128 211 867 91 155 94 1649 152 154 122 1057 615 249 128
positive/13-pos-87329.png 13 684 137 113 113 1416 153 117 148 1318 127 71 55 797 72 116 113 909 188 137 121 1526 260 136 158 128 214 191 103 250 413 109 69 719 286 142 161 976 389 77 148 493 331 159 170 1182 137 146 106 1048 710 222 175
positive/14-pos-87928.png 14 941 143 91 126 1659 302 191 139 1576 244 85 69 1026 87 134 99 1091 208 109 133 1654 469 221 160 432 75 132 118 429 271 95 53 808 272 169 137 919 501 112 172 640 264 82 124 1457 265 151 147 245 377 163 118 108 126 85 166
positive/12-pos-88528.png 12 1198 189 57 139 1318 163 167 115 1288 296 72 155 820 6 94 126 704 161 76 52 941 300 182 105 649 580 227 163 808 245 79 139 229 213 171 118 1644 571 162 184 508 241 115 150 406 800 283 169
positive/12-pos-89129.png 12 1197 174 60 168 1318 166 168 113 1288 295 74 157 823 3 90 129 848 176 79 53 943 298 182 107 530 601 241 160 799 256 84 149 228 210 172 120 1655 604 161 213 473 292 118 136 261 776 280 175
positive/12-pos-89729.png 12 1198 153 60 163 1319 163 167 116 1288 296 73 156 822 6 93 126 953 188 38 64 942 298 183 107 424 589 257 154 798 258 85 147 230 212 172 118 1655 603 162 214 436 343 131 160 127 758 273 176
positive/13-pos-90310.png 13 1201 120 56 161 1696 450 111 74 1318 166 168 113 1288 295 74 157 823 3 90 129 942 224 39 71 944 298 181 107 419 586 119 160 799 256 84 149 239 220 156 102 1607 629 251 157 437 341 130 162 18 744 304 169
positive/12-pos-90930.png 12 1182 100 124 131 1589 429 109 92 1319 163 167 116 1288 301 63 166 822 5 91 127 931 216 62 86 947 299 188 107 466 659 139 191 749 278 186 108 279 225 159 100 1508 615 250 162 436 343 131 160
positive/13-pos-91530.png 13 1252 72 130 121 1645 395 102 90 1319 167 167 112 1288 302 63 163 822 3 91 129 893 185 58 81 946 300 186 105 537 769 149 199 821 285 179 105 356 237 165 103 1448 658 174 181 437 341 130 162 90 666 259 203
positive/12-pos-92118.png 12 1318 54 125 118 1704 393 128 58 1319 163 167 116 1288 295 73 157 823 3 90 129 837 145 56 76 942 298 183 107 904 294 184 102 436 244 162 108 1328 737 186 158 436 343 131 160 244 586 137 266
positive/11-pos-92728.png 11 1318 55 126 117 1319 167 167 112 1288 295 74 157 814 31 93 101 773 125 82 53 1078 394 69 153 992 301 191 108 521 254 165 102 1166 785 273 167 437 341 130 162 310 514 134 236
positive/12-pos-93328.png 12 1318 53 124 119 1319 163 167 116 1288 295 74 157 1584 731 237 251 815 31 92 101 724 102 59 68 1060 494 77 171 1034 307 188 106 620 251 100 129 1033 764 269 177 436 342 131 161 291 492 225 143
positive/12-pos-93965.png 12 1318 56 125 116 1319 167 167 112 1288 295 74 157 1438 621 206 256 809 24 136 88 682 66 47 59 1049 537 84 200 1036 304 187 109 672 309 111 134 906 747 265 173 403 352 200 132 206 483 219 146
positive/14-pos-94521.png 14 1318 53 124 119 1733 433 131 225 1319 163 167 116 1288 295 74 157 1318 529 186 219 937 42 141 86 670 84 47 62 1052 541 80 177 1034 307 188 106 735 372 116 151 786 731 271 165 339 345 197 134 523 12 86 105 206 488 211 141
positive/14-pos-95143.png 14 1318 56 125 116 1733 435 131 223 1318 160 163 117 1288 295 74 157 1187 502 222 145 1047 53 147 89 609 119 81 52 1037 623 87 194 1036 304 187 109 785 402 196 109 664 716 253 171 249 336 218 130 523 12 86 106 203 485 214 144
positive/15-pos-95712.png 15 1318 53 124 119 1741 429 122 225 1809 372 64 108 1377 184 165 129 1288 295 74 157 1083 493 219 137 1132 54 151 93 552 141 50 63 1017 707 99 237 1034 308 188 105 804 408 198 111 664 716 256 171 169 331 198 121 523 12 86 105 242 451 129 234
positive/14-pos-96315.png 14 1318 56 125 116 1719 368 109 224 1792 324 60 100 1434 202 156 128 1288 295 74 157 989 482 216 147 1153 61 111 101 522 182 56 62 1036 304 187 109 806 407 197 112 733 671 115 276 85 324 194 129 506 49 77 103 284 399 113 210
positive/16-pos-97048.png 16 1318 53 124 119 1686 303 113 195 1772 259 50 98 1429 203 159 127 1288 295 74 157 989 485 216 144 1059 90 119 109 487 231 82 54 1023 642 97 272 1036 304 187 109 805 407 198 112 769 584 105 260 62 265 116 175 538 90 85 111 342 322 105 195 306 837 85 157
positive/16-pos-97526.png 16 1318 56 125 116 1686 300 113 198 1755 225 47 94 1434 202 156 128 1288 296 73 156 989 482 216 147 994 113 122 101 527 235 82 55 1028 607 97 259 1038 307 190 105 806 408 197 111 791 524 101 243 4 255 209 119 501 93 159 112 347 318 109 190 358 765 79 144
positive/15-pos-98129.png 15 1318 53 124 119 1686 302 113 196 1739 211 52 84 1426 204 162 126 1288 295 74 157 989 486 216 143 903 144 134 104 587 228 48 84 1028 608 97 258 1039 307 192 106 805 407 198 112 800 499 102 232 417 116 159 104 347 316 107 192 365 740 93 113
positive/15-pos-98728.png 15 1318 56 125 116 1686 300 113 198 1739 210 52 85 1434 202 156 128 1289 282 65 200 989 482 216 147 843 166 73 130 607 194 46 83 1028 607 97 259 1038 307 190 105 806 408 197 111 800 498 102 233 349 117 170 109 347 318 109 190 319 806 101 113
positive/14-pos-99316.png 14 1318 53 124 119 1686 303 113 195 1739 211 52 84 1426 204 162 126 1289 257 65 184 989 485 216 144 825 202 79 136 633 155 42 78 1028 608 97 258 1022 301 204 111 805 407 198 112 800 499 102 232 277 106 166 112 347 316 107 192
positive/14-pos-99928.png 14 1318 55 126 117 1686 300 113 198 1739 210 52 85 1434 202 155 128 1229 214 134 168 989 483 216 146 803 250 83 128 657 116 42 76 1028 607 97 259 1123 310 198 112 805 408 197 111 800 498 102 233 202 98 161 112 347 317 108 191
positive/14-pos-529.png 14 1318 53 124 119 1686 303 113 195 1732 215 71 69 1429 203 159 127 1131 195 171 119 989 485 216 144 811 236 157 149 678 78 41 75 1028 607 97 259 1210 318 209 106 806 405 196 114 800 499 102 232 162 99 158 107 347 315 107 193
positive/14-pos-1144.png 14 1316 60 134 100 1686 300 113 198 1746 234 72 67 1434 202 155 128 1065 185 139 143 988 499 228 115 921 182 70 167 689 64 40 67 1028 607 97 259 1307 325 211 108 805 408 197 111 800 498 102 233 159 96 159 110 347 317 108 191
positive/14-pos-1723.png 14 1368 86 143 112 1686 303 113 195 1727 242 89 94 1429 203 159 127 1109 160 145 136 1042 504 230 118 938 134 65 157 686 68 47 55 1028 607 97 259 1320 329 210 108 833 364 133 195 761 514 189 207 161 98 157 108 347 315 107 193
positive/14-pos-2337.png 14 1441 106 76 123 1686 300 113 198 1638 207 79 86 1434 203 154 127 1203 123 136 128 1141 508 198 157 952 91 63 157 717 97 49 54 950 648 246 163 1320 326 212 111 788 324 140 178 866 460 193 185 159 96 159 110 347 315 107 193
positive/14-pos-2938.png 14 1445 120 80 130 1686 302 113 196 1633 210 79 82 1431 202 158 128 1285 88 54 156 1254 598 217 188 966 57 59 141 727 132 44 62 858 635 247 166 1320 329 210 108 787 275 80 186 993 406 178 167 161 98 157 108 347 317 108 191
positive/14-pos-3517.png 14 1445 121 79 129 1686 300 113 198 1633 209 80 83 1434 203 154 127 1246 93 114 102 1384 694 239 187 976 29 58 136 706 170 47 63 828 549 164 229 1320 326 212 111 736 264 181 124 1107 356 161 175 159 96 159 110 347 315 107 193
positive/13-pos-4124.png 13 1445 120 80 130 1686 302 113 196 1633 210 79 82 1431 202 158 128 1186 111 118 112 980 21 57 132 689 199 51 68 747 465 141 212 1320 329 210 108 658 257 181 126 1188 301 67 193 161 98 157 108 347 317 108 191
positive/14-pos-4716.png 14 1445 121 79 129 1686 300 113 198 1633 209 80 83 1434 203 154 127 1132 78 111 137 980 19 58 134 689 199 51 66 640 459 204 154 1320 326 212 111 575 249 192 122 1191 248 65 183 602 822 75 152 161 98 157 108 347 315 107 193
positive/14-pos-5318.png 14 1399 126 164 114 1686 302 113 196 1633 208 80 84 1434 202 156 128 1127 44 53 146 980 21 57 132 665 243 54 66 512 513 227 148 1326 311 193 131 641 278 104 126 1173 218 151 141 638 741 72 137 160 96 158 110 347 318 109 190
positive/14-pos-5923.png 14 1341 124 159 112 1686 300 113 198 1613 227 94 65 1432 204 156 126 1132 53 49 108 942 42 141 87 638 290 55 72 420 505 240 142 1278 311 192 122 657 329 106 163 1240 193 146 138 638 741 73 137 161 98 157 108 347 316 107 192
positive/16-pos-6530.png 16 1261 122 155 107 1686 302 113 196 1613 228 93 64 1434 202 156 128 1058 91 119 109 1310 700 209 258 993 49 145 88 634 295 58 76 317 495 223 135 1183 302 188 130 624 387 110 148 1240 191 146 140 996 767 205 217 638 741 72 137 159 83 161 126 347 318 109 190
positive/15-pos-7128.png 15 1233 120 158 111 1686 300 113 198 1642 214 61 70 1432 204 156 126 958 103 154 108 1192 598 176 225 1052 52 156 90 634 295 58 76 220 485 216 144 1136 262 136 169 540 438 225 136 1240 193 147 138 638 741 73 137 230 64 152 135 347 316 107 192
positive/15-pos-7733.png 15 1232 124 158 107 1686 300 113 198 1651 238 67 71 1465 198 88 146 927 108 152 97 1054 568 235 157 1127 54 151 92 624 293 84 79 206 489 214 140 1059 213 128 163 497 417 131 156 1240 190 146 141 638 741 72 137 323 73 79 106 347 318 109 190
positive/15-pos-8338.png 15 1242 108 136 127 1686 302 113 196 1664 258 63 78 1469 239 96 131 976 112 156 93 942 555 233 154 1159 57 150 90 692 271 80 77 203 485 214 144 989 167 113 152 461 463 143 187 1252 188 138 149 642 755 77 123 360 122 90 119 347 316 107 192
positive/15-pos-8939.png 15 1299 91 125 129 1632 322 225 133 1664 258 64 78 1423 257 187 119 1042 67 59 144 855 546 223 155 1159 61 149 86 741 252 75 73 206 489 214 140 923 118 104 149 412 534 145 166 1334 154 131 141 641 757 78 123 402 175 82 114 347 318 109 190
positive/14-pos-9531.png 14 1368 70 119 130 1656 265 67 60 1354 256 187 128 1050 42 56 144 841 578 229 123 1209 45 48 117 741 250 75 75 203 485 214 144 864 77 103 138 391 562 162 200 1374 170 195 100 641 756 78 122 433 212 122 164 347 316 107 192
positive/14-pos-10148.png 14 1403 78 170 90 1587 308 67 62 1261 253 181 125 1054 28 55 134 842 578 229 123 1207 68 50 107 741 252 75 73 206 488 212 141 773 84 159 105 391 561 162 201 1466 173 195 101 628 748 76 115 411 185 110 156 347 318 109 190
positive/14-pos-10720.png 14 1458 79 168 92 1506 356 70 66 1177 247 178 121 1010 43 141 100 841 578 229 123 1205 54 52 149 738 247 81 76 203 486 214 143 698 73 152 106 391 562 162 200 1537 176 210 105 606 795 82 113 368 129 98 154 347 316 107 192
positive/13-pos-11324.png 13 1458 82 166 89 1418 410 72 75 1119 263 141 126 960 38 145 99 1072 724 213 189 1156 48 143 102 840 211 74 73 206 488 212 141 623 63 152 107 391 561 162 201 1578 180 204 102 330 77 109 141 347 317 108 191
positive/14-pos-11921.png 14 1458 79 168 92 1321 465 76 73 1093 288 65 153 939 36 137 100 1224 801 199 164 1100 46 143 102 903 232 85 51 203 486 214 143 554 50 162 107 391 562 162 200 1578 182 202 100 16 620 119 177 297 33 100 132 347 315 107 193
positive/12-pos-12534.png 12 1458 82 166 89 1283 486 80 78 1085 344 67 140 940 38 137 98 1085 50 140 98 974 241 96 53 206 488 212 141 532 51 146 103 391 561 162 201 1578 182 203 100 33 682 132 173 347 317 108 191
positive/12-pos-13133.png 12 1458 79 168 92 1280 487 83 77 1074 397 73 171 939 36 137 100 1085 46 140 102 1058 247 93 53 205 488 212 141 561 43 88 108 391 562 162 200 1578 180 204 102 58 783 153 211 347 315 107 193
positive/11-pos-13730.png 11 1458 82 166 89 1283 486 80 78 1075 396 72 172 950 38 111 93 1082 45 145 101 1101 236 68 78 204 486 213 143 543 74 87 114 391 560 162 202 1578 182 203 100 347 315 107 193
positive/12-pos-14329.png 12 1553 118 182 98 1284 524 90 74 1068 413 92 171 954 63 129 92 1098 51 139 102 1114 218 62 80 241 427 189 150 587 93 106 114 377 519 175 192 1658 233 223 110 46 194 158 120 359 293 184 149
positive/13-pos-14930.png 13 1673 180 198 106 1275 571 101 72 1057 432 114 172 950 84 144 95 1137 51 136 118 1121 232 77 51 281 363 202 137 632 107 117 126 370 479 190 184 388 851 140 110 183 125 133 124 536 235 173 127 6 494 92 100
positive/12-pos-15570.png 12 1263 601 109 69 1047 447 127 169 980 102 95 122 1133 40 134 122 1043 256 83 58 409 319 189 131 661 115 121 121 378 451 192 174 521 802 107 87 264 95 125 122 578 199 147 141 32 451 121 83
positive/13-pos-16173.png 13 1227 651 120 75 1025 473 154 165 1061 130 111 117 1213 41 124 127 1025 265 72 78 580 287 116 133 765 101 132 113 394 398 217 120 57 457 134 237 485 794 151 83 431 38 98 126 586 168 179 104 20 394 122 66
positive/13-pos-16750.png 13 1179 693 126 92 994 501 180 153 1145 152 126 115 1331 66 114 140 1041 245 67 80 657 252 111 173 796 122 139 108 343 330 190 134 206 302 124 190 331 707 129 94 579 8 84 121 631 123 98 142 53 340 87 77
positive/15-pos-17390.png 15 1487 444 225 164 1136 717 126 104 969 515 198 149 1201 176 137 111 1418 95 113 148 1048 214 60 80 685 208 98 162 817 755 247 204 785 142 150 99 376 288 166 135 349 200 107 163 23 816 349 152 192 664 149 73 680 78 81 142 2 343 103 71
positive/14-pos-17963.png 14 1312 501 214 206 1006 762 115 127 906 556 221 123 1332 251 169 107 1623 193 120 175 1186 248 45 85 724 210 177 100 666 754 264 158 864 151 162 99 526 202 127 147 540 124 121 133 197 500 71 68 881 33 52 137 195 236 68 71
positive/15-pos-18559.png 15 1306 458 91 238 961 768 107 134 888 551 226 130 1367 277 180 108 1683 235 121 181 1226 263 41 87 720 205 167 101 619 744 261 147 894 152 155 99 573 186 119 146 207 63 83 154 596 109 122 129 269 497 70 76 944 32 47 130 297 192 78 77
positive/16-pos-19151.png 16 1258 556 184 164 816 766 86 143 833 543 219 169 1467 372 210 150 1337 330 49 91 859 185 155 121 504 680 229 140 1042 163 156 119 736 140 89 153 774 87 133 114 1 355 165 118 396 443 48 81 1304 42 52 118 1580 34 146 119 1148 28 65 130 634 107 72 60
positive/16-pos-19758.png 16 1311 699 185 226 722 773 119 88 36 453 84 66 809 533 198 189 1504 438 224 174 1380 375 64 93 935 181 144 134 473 622 194 150 1123 175 153 134 825 130 76 152 870 89 139 104 163 294 134 124 440 466 47 75 1400 108 67 111 1280 43 73 131 814 72 47 66
positive/15-pos-20373.png 15 680 762 102 93 155 318 112 61 778 514 172 210 1534 551 233 219 1432 471 67 73 1049 192 132 149 453 537 144 155 1240 215 150 152 929 144 115 120 1016 103 149 94 361 231 107 117 422 456 107 81 1482 211 199 111 1451 103 111 122 995 65 56 59
positive/15-pos-20960.png 15 700 809 92 94 165 253 97 66 765 501 153 219 1534 612 227 244 1414 541 78 72 1103 221 130 115 501 552 126 177 1296 237 141 166 950 164 122 107 1089 119 153 90 383 242 121 145 355 457 117 73 1639 264 227 108 1539 143 128 125 1079 72 60 60
positive/13-pos-21550.png 13 182 196 133 164 607 833 65 119 282 136 79 59 744 471 114 227 1334 681 104 76 1137 283 156 119 501 470 94 174 1410 311 126 192 1050 182 154 131 1251 160 162 99 408 214 194 104 383 378 45 76 1268 112 72 56
positive/13-pos-22171.png 13 347 139 163 114 523 840 63 125 342 99 93 45 742 454 89 225 1287 738 119 74 1090 270 167 150 511 427 78 172 1416 314 109 189 1164 200 175 118 1338 193 167 107 421 202 145 122 431 371 48 80 1373 145 79 57
positive/14-pos-22774.png 14 591 96 144 97 399 743 94 119 507 42 69 47 724 424 86 219 1180 809 135 84 1079 249 143 161 523 365 111 166 1480 399 105 210 1340 277 89 153 1459 50 160 89 1474 263 171 124 449 167 170 108 509 308 60 78 1538 226 94 53
positive/15-pos-23370.png 15 751 93 141 90 357 682 105 114 625 17 63 50 712 409 106 211 59 279 184 130 1105 835 136 103 1049 260 148 124 541 336 125 161 1507 458 96 218 1392 338 82 159 1572 96 180 93 1543 317 172 136 433 157 162 106 562 277 64 75 1629 285 105 54
positive/16-pos-23952.png 16 835 96 139 99 337 638 112 106 714 5 61 51 707 397 117 204 134 226 165 134 1042 852 136 112 968 303 165 123 562 315 133 157 1513 504 103 225 1421 372 77 163 211 836 240 156 1659 137 192 99 1591 361 176 148 422 138 165 116 606 257 66 73 1697 338 112 56
positive/16-pos-24555.png 16 757 112 147 95 339 638 110 106 714 5 59 51 707 398 118 203 134 228 164 132 1042 851 134 113 850 322 194 142 561 316 134 156 1513 506 101 223 1421 373 76 162 209 834 239 158 1659 135 195 101 1591 363 177 146 419 123 153 123 606 257 66 73 1697 338 112 56
positive/15-pos-25170.png 15 666 128 161 105 321 655 151 71 714 5 61 51 707 397 117 204 134 226 165 134 1042 852 136 112 787 310 179 136 562 315 133 157 1476 544 177 148 1386 377 160 146 1659 137 192 99 1591 361 176 148 532 83 92 143 604 267 78 54 1697 338 112 56
positive/16-pos-25776.png 16 556 150 167 106 155 698 160 75 714 5 59 51 707 398 118 203 134 228 164 132 1042 851 134 113 761 305 174 143 561 316 134 156 1398 571 183 134 1465 447 184 161 298 698 174 276 1659 135 195 101 1591 363 177 146 574 63 139 117 652 279 88 56 1697 338 112 56
positive/12-pos-35966.png 12 1314 391 125 137 1472 48 49 53 628 725 103 114 1605 30 115 143 1531 426 217 142 968 26 127 106 485 208 126 161 1630 319 212 135 45 90 179 119 741 538 86 109 236 240 194 142 173 179 69 72
positive/11-pos-36566.png 11 1243 483 152 131 1517 120 55 54 582 695 107 109 1591 496 142 141 1072 37 110 110 545 176 112 164 60 114 132 164 155 40 172 110 733 522 80 110 341 174 95 189 264 127 68 70
positive/12-pos-37184.png 12 1145 558 182 142 1519 184 63 56 554 672 111 102 1529 594 164 135 1120 49 123 109 559 180 176 113 131 54 103 160 243 11 162 101 646 765 232 197 731 510 73 110 424 113 89 163 333 96 68 66
positive/13-pos-37772.png 13 942 661 228 132 1603 343 85 62 528 582 50 92 1651 110 148 115 1319 813 231 138 1470 42 79 55 1349 145 116 133 635 151 173 103 1753 27 118 152 630 644 161 260 737 471 52 108 666 15 101 138 561 21 65 60
positive/10-pos-38369.png 10 946 657 250 138 1558 416 95 64 505 599 58 103 1687 46 162 86 1577 88 87 55 1461 228 115 153 620 126 171 100 666 577 225 138 716 473 112 60 662 1 65 57
positive/8-pos-38966.png 8 944 699 240 123 1496 526 108 72 517 601 68 86 1766 202 105 54 1564 330 108 164 721 94 158 111 731 570 217 110 665 429 110 68
positive/8-pos-39566.png 8 843 696 212 146 1506 711 121 102 529 615 51 99 1574 495 235 154 889 73 137 132 655 488 195 181 636 345 97 78 1300 46 150 98
positive/9-pos-40171.png 9 767 677 181 158 445 637 116 93 475 747 196 238 1011 79 128 142 548 452 232 116 635 264 77 92 1453 104 156 108 1219 16 72 50 163 9 137 133
positive/8-pos-40779.png 8 695 637 138 178 363 557 80 113 372 577 157 227 1152 99 111 160 468 377 192 136 715 214 60 85 1626 199 163 127 1402 67 79 59
positive/8-pos-41376.png 8 658 607 115 186 369 439 63 103 371 504 114 227 1234 126 106 166 1627 39 120 150 506 329 177 151 784 198 52 86 1516 114 84 67
positive/9-pos-41966.png 9 593 527 95 193 478 310 43 95 410 376 88 207 1396 209 92 186 425 703 109 272 1646 105 193 107 614 250 135 166 941 187 35 85 1757 265 94 88
positive/7-pos-42613.png 7 564 494 122 186 533 269 50 89 435 324 96 198 1459 264 86 191 322 703 225 125 672 221 117 172 1009 192 39 84
positive/8-pos-43166.png 8 545 420 160 168 12 720 107 134 669 200 60 81 513 266 150 112 1531 406 128 200 364 562 177 129 802 185 84 176 1137 223 59 84
positive/8-pos-43767.png 8 551 395 169 158 125 556 100 111 727 184 66 76 617 261 132 126 1534 477 158 198 439 547 162 140 859 177 69 177 1183 245 69 82
positive/8-pos-44366.png 8 552 393 168 160 226 504 91 106 727 184 65 76 677 288 144 116 1534 475 159 200 516 568 227 142 858 179 70 175 1171 256 90 57
positive/9-pos-44968.png 9 570 361 180 144 362 387 88 93 813 169 70 72 791 298 130 131 1517 582 199 199 653 538 215 116 928 175 59 176 1160 284 92 65 1565 11 153 107
positive/8-pos-45562.png 8 604 326 189 129 509 293 87 75 917 165 74 68 866 306 113 144 1454 719 244 196 771 533 206 117 978 202 117 132 1149 340 81 63
positive/7-pos-46166.png 7 652 303 189 113 593 247 86 67 1015 181 79 54 915 300 91 156 894 536 104 172 1085 246 99 135 1132 403 60 77
positive/7-pos-46766.png 7 710 275 183 109 689 216 83 57 1198 242 82 61 966 307 66 158 863 606 74 204 1165 329 87 170 1095 505 50 85
positive/7-pos-47365.png 7 758 258 178 121 761 201 80 54 1276 285 83 68 990 313 72 162 798 598 105 205 1192 359 70 218 1075 599 49 103
positive/7-pos-47974.png 7 757 258 177 121 760 203 82 52 1281 284 77 69 989 313 73 162 798 599 105 204 1194 319 67 201 1067 684 49 109
positive/7-pos-48566.png 7 757 257 179 122 760 201 81 54 1279 284 80 69 990 313 72 162 798 598 105 205 1194 311 69 198 1064 696 53 101
positive/7-pos-49166.png 7 757 258 177 121 760 203 82 52 1281 284 77 69 989 313 73 162 798 599 105 204 1194 312 67 197 1053 791 55 110
positive/8-pos-49766.png 8 832 240 165 140 869 189 74 53 1361 346 77 77 120 176 141 107 1012 332 99 160 714 581 146 195 1205 360 109 196 766 887 133 83
positive/10-pos-50364.png 10 44 82 138 153 879 234 157 139 937 187 73 56 1404 393 74 85 234 109 122 109 1022 348 117 156 38 592 200 221 669 565 169 186 1203 398 134 192 704 847 131 95
positive/9-pos-50966.png 9 858 189 134 155 999 177 67 58 1416 437 68 85 341 51 105 107 1027 364 127 148 97 523 189 186 656 552 172 168 1186 436 148 179 795 811 125 74
positive/10-pos-51682.png 10 804 156 124 109 1000 160 69 65 1384 435 61 78 355 28 106 104 1023 365 118 139 162 561 193 108 734 764 154 188 682 557 155 153 1149 462 179 112 980 784 109 63
positive/11-pos-52165.png 11 820 169 131 107 998 149 67 65 1364 433 56 76 365 14 105 103 1039 358 70 142 300 555 183 95 808 706 134 193 43 512 116 115 700 560 144 141 1185 495 164 106 1096 751 79 98
positive/10-pos-52765.png 10 920 201 115 102 1045 150 62 55 1363 483 46 77 1052 460 58 155 371 505 169 75 826 644 147 149 149 471 112 114 687 546 149 124 1241 587 146 126 1094 718 82 78
positive/11-pos-53368.png 11 981 242 137 125 1096 159 56 78 1366 537 41 79 998 518 138 100 383 444 159 78 845 616 154 118 213 436 109 125 668 528 159 114 1249 668 143 145 1065 735 85 75 24 152 146 125
positive/11-pos-53965.png 11 1096 276 149 112 1190 188 47 83 1331 663 51 77 883 586 169 83 443 313 134 92 732 628 174 84 308 326 72 133 643 486 174 92 1177 755 111 178 965 777 93 61 90 268 125 95
positive/11-pos-67166.png 11 649 577 55 57 804 490 46 143 1400 180 60 146 980 401 104 100 1702 805 141 122 1033 553 104 104 1477 11 96 101 1017 120 146 61 541 436 59 137 599 329 64 51 1718 340 126 108
positive/12-pos-67765.png 12 650 576 53 57 758 634 141 45 1400 182 59 144 1009 377 46 147 1702 805 142 122 1033 553 104 104 1477 11 96 101 1096 120 110 97 541 436 59 136 598 329 65 52 1657 175 133 58 1718 344 146 113
positive/12-pos-68564.png 12 649 577 55 57 833 633 142 47 1400 180 60 146 1009 318 45 144 1702 805 141 122 1033 553 104 103 1475 4 99 127 1130 168 123 96 541 436 59 137 599 329 64 51 1561 177 132 56 1718 345 147 105
positive/11-pos-68978.png 11 643 548 50 58 890 635 100 113 1419 233 70 141 1024 238 53 155 1017 570 111 96 1481 24 105 132 1211 239 109 107 539 399 69 135 614 300 68 49 1536 196 109 125 1725 435 152 103
positive/12-pos-69565.png 12 640 471 41 63 812 676 133 82 1443 378 99 129 1067 270 137 64 971 609 127 81 1569 128 81 133 1299 387 91 123 553 307 93 127 674 234 70 40 1579 310 80 137 1704 681 166 79 1488 63 66 52
positive/12-pos-70179.png 12 652 409 32 68 707 654 122 93 1436 504 118 123 1192 358 125 85 933 635 136 63 1615 202 72 151 1322 528 78 136 585 244 107 112 732 195 71 33 1560 418 115 90 1645 869 170 64 1489 133 63 66
positive/11-pos-70779.png 11 664 367 30 69 627 563 108 104 1417 597 128 107 1260 488 151 48 906 649 137 49 1643 245 72 151 1310 591 64 141 617 204 115 102 779 170 72 33 1495 454 111 110 1479 200 70 34
positive/12-pos-71478.png 12 422 813 69 140 706 290 45 65 615 459 91 128 1334 786 143 83 1308 627 145 72 848 642 133 70 1684 425 107 138 1241 718 64 138 705 141 131 84 894 138 66 50 1471 641 96 127 1472 375 69 42
positive/13-pos-71978.png 13 321 671 138 59 179 915 77 71 766 240 55 56 636 368 65 140 1217 921 153 65 1254 734 127 104 806 613 123 95 1689 610 80 146 1130 812 89 122 803 116 136 66 999 144 57 61 1400 800 72 140 1438 510 62 51
positive/12-pos-72577.png 12 386 573 139 47 114 782 84 61 813 221 56 51 237 810 144 114 662 320 48 143 1205 789 113 119 786 592 105 107 1642 688 109 109 1051 850 104 115 864 111 137 59 1058 163 55 66 1378 554 54 58
positive/7-pos-93657.png 7 570 44 217 128 1210 303 70 105 1462 114 160 188 221 219 148 194 1229 362 288 181 878 74 212 138 929 200 49 106
positive/7-pos-94178.png 7 482 34 214 130 1210 301 70 107 1462 118 161 184 181 275 155 193 1103 371 293 183 939 74 205 131 929 198 49 108
positive/7-pos-94779.png 7 379 25 213 128 1210 303 70 105 1462 114 160 188 152 325 288 183 999 379 295 181 887 77 214 131 929 200 49 106
positive/7-pos-95378.png 7 278 21 232 130 1210 301 70 107 1462 118 161 184 318 330 186 183 974 394 307 164 840 74 211 138 929 198 49 108
positive/7-pos-95978.png 7 193 23 215 128 1210 303 70 105 1462 114 160 188 424 385 202 203 977 394 307 162 893 74 210 135 929 200 49 106
positive/7-pos-96578.png 7 192 19 216 132 1210 302 70 106 1462 118 161 184 418 362 245 255 999 385 291 175 984 83 193 138 929 198 49 108
positive/7-pos-97183.png 7 194 24 214 127 1210 302 70 106 1462 114 160 188 357 328 212 257 1070 367 313 193 1094 76 162 183 929 200 49 106
positive/8-pos-97778.png 8 23 295 127 84 1254 320 64 101 1531 142 182 190 24 446 306 190 302 242 177 239 1228 386 320 184 1254 55 164 168 990 199 49 108
positive/9-pos-98377.png 9 171 233 107 77 1304 419 65 114 1648 206 223 192 386 585 209 403 101 384 261 174 380 146 137 231 1406 391 260 261 1456 114 83 158 1088 211 60 105
positive/8-pos-98977.png 8 360 172 90 72 1327 471 85 126 423 435 233 309 264 280 104 214 609 103 85 164 1655 443 135 242 1591 217 111 175 1203 233 79 107
positive/10-pos-777.png 10 652 55 52 87 1310 582 131 125 885 3 208 126 595 317 250 231 5 51 128 184 216 375 313 214 823 209 109 194 1079 701 303 259 1644 443 211 231 1384 309 119 108
positive/8-pos-1378.png 8 1291 618 140 123 1095 25 141 144 617 313 256 215 46 266 299 177 152 16 106 176 116 379 314 185 868 205 122 195 1433 341 130 110
positive/8-pos-1978.png 8 1255 655 155 120 1237 46 138 153 74 42 104 73 678 305 182 214 135 233 279 159 13 376 346 169 858 228 234 150 1477 381 143 109
positive/8-pos-2578.png 8 1198 696 174 117 1364 71 138 159 264 6 97 66 615 342 218 219 246 192 260 148 805 241 263 158 1524 436 156 109 29 210 169 158
positive/9-pos-6778.png 9 1603 622 97 181 701 244 128 196 1225 102 137 200 1394 99 184 137 862 18 101 166 1124 571 178 294 363 215 204 204 989 82 189 133 110 112 122 70
positive/11-pos-7378.png 11 1630 604 191 134 675 256 268 154 1321 117 127 212 1494 130 201 138 979 14 91 172 1057 590 211 297 65 74 125 176 353 218 210 176 1083 95 195 128 1161 4 105 137 247 79 112 65
positive/11-pos-7978.png 11 626 509 124 355 651 236 268 164 1452 157 118 219 1636 182 235 146 1149 28 77 170 941 617 266 291 232 26 130 166 275 232 254 176 1220 107 211 137 1328 31 123 135 441 38 101 65
positive/10-pos-8579.png 10 605 387 167 304 646 199 247 181 1622 222 106 242 1372 56 77 181 737 652 361 255 313 193 192 200 1407 150 235 163 1561 85 156 140 1418 33 204 116 701 9 90 66
positive/8-pos-9178.png 8 601 432 213 223 693 176 226 187 1702 281 132 253 1502 93 105 182 645 656 383 229 306 210 216 199 1524 190 251 184 1587 71 221 124
positive/7-pos-9779.png 7 1 449 141 128 596 409 250 197 820 157 189 205 1684 155 153 195 547 636 378 218 325 214 238 191 1077 18 86 62
positive/9-pos-11578.png 9 403 185 54 91 861 299 270 189 1165 184 129 236 418 473 268 282 1344 10 199 133 674 137 238 146 54 169 256 142 112 304 65 123 1779 155 93 87
positive/8-pos-12279.png 8 564 162 63 87 950 283 218 248 1288 219 98 247 378 440 322 213 1552 52 233 156 822 121 231 155 300 97 203 134 281 220 73 113
positive/7-pos-12779.png 7 615 183 72 87 940 255 177 252 1330 242 98 253 243 447 338 219 896 118 228 166 447 81 198 127 369 192 78 104
positive/7-pos-13378.png 7 712 190 87 92 888 227 244 206 1371 287 154 260 39 434 371 181 1027 123 221 185 701 64 192 129 525 149 82 97
positive/8-pos-13983.png 8 861 182 91 86 915 211 208 215 1395 359 218 261 662 719 415 253 68 290 216 227 1172 144 208 205 984 68 176 136 701 132 88 72
positive/8-pos-14585.png 8 917 183 96 84 959 208 188 226 1394 394 244 260 853 736 410 228 75 216 172 231 1229 152 202 218 1131 88 176 150 730 140 94 74
positive/7-pos-15186.png 7 1048 194 101 79 1079 235 111 179 1374 471 298 262 229 122 120 210 1351 190 187 237 1280 114 177 163 853 132 100 87
positive/7-pos-15778.png 7 1075 191 128 85 1066 293 124 203 1362 497 314 258 285 109 108 205 1387 199 181 248 1311 134 193 154 958 119 104 85
positive/10-pos-16398.png 10 236 24 206 139 46 162 105 92 1138 189 105 101 974 322 240 251 1262 618 389 242 990 545 141 394 545 51 75 192 1526 282 163 278 1398 211 245 155 1290 144 118 72
positive/11-pos-16980.png 11 417 9 193 124 150 86 89 89 1110 170 94 105 880 266 204 246 1196 681 406 224 899 495 265 289 89 584 206 385 651 41 86 182 1573 322 155 299 1339 249 265 172 1500 203 127 83
positive/10-pos-17578.png 10 377 4 64 84 1155 148 77 102 886 209 121 254 1086 735 413 239 833 576 330 211 94 500 178 346 804 26 102 180 1624 402 133 313 1281 285 279 188 1720 295 122 97
positive/7-pos-18178.png 7 1174 125 70 89 963 167 139 223 791 577 340 204 115 353 128 296 897 29 114 171 1615 447 160 328 1298 327 299 170
positive/7-pos-18778.png 7 1255 120 63 93 1071 134 149 205 748 530 335 241 192 266 212 260 987 28 128 174 1583 505 207 334 1425 376 334 187
positive/7-pos-19401.png 7 1358 140 61 96 1204 120 150 198 126 127 74 71 1096 519 328 199 290 219 216 221 1077 41 145 166 1535 559 255 343
positive/7-pos-19978.png 7 1411 152 58 97 1239 131 169 187 193 108 69 71 615 540 362 210 321 208 219 211 1134 60 136 150 1503 594 279 339
positive/7-pos-20598.png 7 1388 97 52 97 1218 90 162 187 225 46 68 69 618 464 215 269 371 190 196 202 1091 17 133 138 1416 628 248 293
positive/6-pos-21178.png 6 1502 125 45 102 1289 124 184 178 613 430 188 263 455 149 198 186 1118 53 158 136 1308 716 278 273
positive/5-pos-21778.png 5 1589 169 53 106 1346 159 201 179 620 403 158 269 516 130 202 172 1174 96 83 173
positive/9-pos-22378.png 9 1099 15 118 148 1740 284 82 113 1448 259 242 166 555 686 119 272 650 360 113 269 73 248 243 166 645 101 211 152 1234 214 124 188 58 123 225 150
positive/9-pos-22999.png 9 1135 68 118 167 1740 284 82 113 1448 256 244 169 482 695 303 256 652 378 102 206 199 229 239 167 646 104 209 149 1231 216 127 186 57 120 224 153
positive/9-pos-33177.png 9 277 3 193 110 709 457 62 96 1420 396 229 166 1236 285 214 132 1081 208 106 166 1481 259 213 170 610 213 192 165 1355 751 126 237 1696 805 153 126
positive/8-pos-34403.png 8 720 438 52 98 1430 459 252 158 1559 90 213 120 1273 316 213 140 1131 202 98 212 1571 288 137 229 513 122 159 168 338 401 93 246
positive/12-pos-35597.png 12 142 53 211 122 700 483 73 93 1463 249 90 211 1514 27 204 106 1132 227 201 152 870 112 194 140 1381 72 80 193 1772 91 69 65 357 188 92 160 290 456 122 205 1419 680 101 234 1690 693 143 105
positive/11-pos-36198.png 11 40 105 221 130 697 504 83 91 1412 146 78 201 989 200 201 137 717 111 191 122 1278 64 195 112 1666 28 55 72 323 276 122 155 271 522 148 201 1443 621 122 229 1690 614 134 90
positive/11-pos-36798.png 11 72 19 96 176 700 533 91 86 1314 92 86 188 828 194 199 122 530 137 202 120 1245 18 190 116 1656 17 127 152 349 419 160 161 244 552 229 233 1451 544 148 214 1669 507 118 76
positive/8-pos-37387.png 8 726 583 119 93 1153 39 100 182 632 223 213 127 393 199 79 143 1605 108 201 142 458 568 96 205 1428 435 171 187 1593 369 95 70
positive/8-pos-37982.png 8 319 11 171 151 744 607 126 82 502 261 214 143 339 304 93 165 1503 36 176 148 458 730 259 148 1391 379 184 169 1531 293 82 75
positive/9-pos-38599.png 9 248 43 170 152 156 57 54 66 761 621 127 74 884 20 124 126 458 295 206 140 327 429 126 160 703 805 291 140 1356 325 180 157 1456 230 74 76
positive/10-pos-39188.png 10 142 95 171 162 23 125 63 67 291 8 112 121 790 625 130 82 786 24 132 121 332 372 221 176 402 509 245 146 963 805 313 155 1298 285 195 143 1382 182 66 76
positive/9-pos-39800.png 9 61 119 148 122 854 629 124 100 608 20 162 134 307 472 209 213 489 566 255 180 874 69 88 130 1295 712 258 195 1203 223 195 127 1235 116 53 78
positive/8-pos-40399.png 8 887 626 119 107 368 12 167 135 323 519 189 231 520 589 249 198 827 124 188 117 1367 644 239 193 1147 203 197 119 1163 95 47 77
positive/9-pos-40986.png 9 9 35 158 107 920 621 116 113 182 44 182 130 334 555 181 225 562 612 237 213 810 73 119 174 1392 583 220 197 1148 143 76 193 1072 85 73 61
positive/7-pos-41578.png 7 981 606 103 120 309 691 231 266 662 643 206 261 576 34 134 165 1410 473 177 202 1041 75 66 186 857 117 76 74
positive/7-pos-42199.png 7 1033 586 89 126 342 568 112 286 609 621 239 228 421 24 79 177 1400 384 136 208 896 17 83 176 730 141 73 77
positive/7-pos-42777.png 7 1054 576 79 128 631 623 254 210 340 15 90 181 81 20 191 135 1388 347 118 210 821 4 92 172 682 150 69 80
positive/6-pos-43381.png 6 1096 548 59 129 800 596 223 213 184 136 109 147 1277 304 207 139 670 26 112 167 571 187 65 83
positive/5-pos-43998.png 5 1113 504 62 128 909 579 183 239 1075 245 191 117 475 83 141 159 442 260 51 88
positive/5-pos-44589.png 5 1112 497 66 126 930 575 175 243 923 247 198 119 440 95 150 159 419 278 49 87
positive/6-pos-45198.png 6 1111 477 74 124 979 561 152 255 43 40 151 182 741 262 200 126 360 135 160 153 374 322 48 88
positive/6-pos-45791.png 6 1105 457 81 120 1025 546 128 260 674 286 119 155 1330 529 176 272 280 178 184 148 329 371 54 90
positive/7-pos-46398.png 7 1093 430 88 115 769 681 117 301 1087 518 91 266 609 378 114 173 1350 384 88 246 171 261 211 136 248 450 113 107
positive/7-pos-46983.png 7 1077 407 93 109 870 600 90 294 1119 493 103 262 598 481 93 212 1308 265 90 236 77 351 245 128 331 482 98 123
positive/7-pos-47598.png 7 1049 404 120 82 875 516 108 265 1126 474 118 260 618 570 88 217 1156 202 185 174 31 417 261 127 450 440 88 115
positive/7-pos-48198.png 7 1108 394 126 82 876 515 107 266 1130 475 111 268 618 570 88 217 1034 165 175 174 28 416 264 128 445 446 113 91
positive/7-pos-48777.png 7 1216 339 77 113 875 517 108 264 1099 395 110 250 618 570 88 217 993 128 82 199 31 417 261 127 354 506 118 98
positive/7-pos-49393.png 7 1275 250 84 107 876 515 107 266 1069 320 103 234 618 570 88 217 972 93 84 185 28 415 264 129 370 568 59 101
positive/7-pos-50045.png 7 1322 197 112 78 875 517 108 264 1043 251 95 213 618 570 88 217 973 90 83 188 31 417 261 127 358 673 67 107
positive/7-pos-50582.png 7 1402 186 112 74 876 515 107 266 1026 205 89 205 618 570 88 217 972 93 84 185 28 415 264 129 219 762 138 102
positive/6-pos-51176.png 6 1495 164 116 75 875 517 108 264 1015 185 92 207 618 570 88 217 973 90 83 188 44 396 233 159
positive/6-pos-51806.png 6 1600 139 110 76 876 515 107 266 1014 187 93 205 618 571 88 216 972 93 84 185 107 393 231 154
positive/7-pos-52501.png 7 1600 141 112 74 875 516 108 265 1015 185 92 207 49 505 121 276 618 569 88 218 973 90 83 188 255 418 163 138
positive/7-pos-52983.png 7 1600 139 112 76 876 515 107 266 1014 187 93 205 65 464 121 271 618 569 88 218 972 93 84 185 347 439 102 170
positive/7-pos-53605.png 7 1600 141 112 74 875 516 108 265 1015 185 92 207 92 392 109 244 618 580 97 246 973 90 83 188 338 515 106 195
